 At t =  4.0000E-01   y =  9.851726E-01  3.386406E-05  1.479357E-02
 At t =  8.0000E-01   y =  9.723070E-01  3.169173E-05  2.766133E-02
 At t =  1.2000E+00   y =  9.609527E-01  2.987971E-05  3.901738E-02
 At t =  1.6000E+00   y =  9.507929E-01  2.834141E-05  4.917873E-02
 At t =  2.0000E+00   y =  9.416072E-01  2.701737E-05  5.836581E-02
 At t =  2.4000E+00   y =  9.332254E-01  2.586369E-05  6.674876E-02
 At t =  2.8000E+00   y =  9.255161E-01  2.484742E-05  7.445906E-02
 At t =  3.2000E+00   y =  9.183783E-01  2.394398E-05  8.159774E-02
 At t =  3.6000E+00   y =  9.117325E-01  2.313451E-05  8.824435E-02
 At t =  4.0000E+00   y =  9.055142E-01  2.240418E-05  9.446344E-02
 At t =  4.4000E+00   y =  8.996694E-01  2.174092E-05  1.003089E-01
 At t =  4.8000E+00   y =  8.941552E-01  2.113546E-05  1.058236E-01

 No. steps = 104,  No. f-s = 131,  No. J-s =  19
